1 6 0.00015
1 8 0.00015
1 13 0.00013
1 22 0.00030
1 23 0.00643
1 25 0.00181
1 27 0.00062
1 28 0.00315
1 29 0.87138
2 6 0.00003
2 7 0.00014
2 8 0.00004
2 13 0.00012
2 22 0.00683
2 23 0.01579
2 25 0.00017
2 27 0.00295
2 28 0.94624
2 29 0.00167
3 8 0.00021
3 11 0.00011
3 13 0.00063
3 22 0.01734
3 23 0.00024
3 25 0.00097
3 27 0.95335
3 28 0.00149
3 29 0.00013
4 10 0.00012
4 12 0.00064
4 14 0.00007
4 18 0.00025
4 19 0.00050
4 20 0.00128
4 21 0.01604
4 24 0.00102
4 26 0.94627
5 11 0.00054
5 13 0.00019
5 22 0.00060
5 23 0.00116
5 25 0.94388
5 27 0.00017
6 10 0.00049
6 14 0.00043
6 16 0.02070
6 18 0.04870
6 19 0.00204
6 24 0.85194
7 12 0.00079
7 14 0.00101
7 15 0.04033
7 16 0.00110
7 17 0.06635
7 18 0.00216
7 19 0.01149
7 20 0.02360
7 21 0.00510
7 24 0.00223
8 14 0.03586
8 16 0.06874
8 18 0.01442
8 19 0.02386
8 24 0.01046
10 22 0.19107
10 23 0.04016
10 25 0.00023
10 27 0.00028
11 15 0.00037
11 16 0.00820
11 17 0.00337
11 18 0.00560
11 19 0.03821
11 20 0.02581
11 21 0.17155
11 24 0.00020
11 26 0.00026
13 18 0.30400
13 19 0.05079
13 24 0.00253
14 22 0.00680
14 23 0.00417
14 25 0.00014
14 29 0.00004
16 22 0.00343
16 23 0.01305
16 25 0.00016
16 27 0.00013
16 28 0.00004
16 29 0.00017
18 22 0.00256
18 23 0.00572
18 25 0.00025
18 27 0.00019
18 28 0.00126
18 29 0.00053
19 23 0.00111
19 25 0.00024
19 27 0.00137
19 28 0.00057
24 28 0.00004
24 29 0.00031

1 5 0.00050
1 8 0.00013
1 12 0.00007
1 13 0.00146
1 16 0.00008
1 18 0.00061
1 19 0.45038
1 21 0.00276
1 22 0.00047
1 23 0.00094
1 29 0.00163
1 30 0.24595
1 31 0.01148
2 8 0.00112
2 12 0.00215
2 16 0.00165
2 18 0.48950
2 19 0.00034
2 21 0.00055
2 22 0.00036
2 23 0.00106
2 29 0.26653
2 30 0.01088
2 31 0.00165
3 7 0.00151
3 9 0.00016
3 10 0.00012
3 11 0.00215
3 15 0.00183
3 17 0.49286
3 28 0.26380
3 32 0.00140
4 12 0.00115
4 13 0.00008
4 16 0.49217
4 18 0.00227
4 19 0.00038
4 21 0.00038
4 22 0.00057
4 23 0.01876
4 29 0.01203
4 30 0.00025
4 31 0.00136
5 9 0.00018
5 10 0.00043
5 11 0.00107
5 15 0.47305
5 17 0.00229
5 28 0.01252
5 32 0.00074
6 13 0.12575
6 22 0.22909
7 12 0.16471
7 13 0.04225
7 16 0.00336
7 18 0.00114
7 19 0.00019
7 21 0.32557
7 22 0.00136
7 23 0.02329
7 29 0.00046
7 30 0.00016
7 31 0.00055
8 14 0.00222
8 15 0.00305
8 17 0.00111
8 20 0.32800
8 24 0.00756
8 25 0.00031
8 26 0.00014
8 27 0.00010
8 28 0.00038
8 32 0.02650
9 13 0.00097
9 16 0.00100
9 18 0.00026
9 19 0.31529
9 21 0.01977
9 22 0.00301
9 23 0.01069
9 29 0.00013
9 30 0.00030
9 31 0.07696
10 16 0.00040
10 18 0.30215
10 19 0.06189
10 21 0.00342
10 22 0.00918
10 23 0.00018
10 29 0.00029
10 30 0.08267
10 31 0.00027
11 16 0.02024
11 18 0.08036
11 19 0.00079
11 21 0.00864
11 22 0.00017
11 23 0.00008
11 29 0.08312
11 30 0.00026
12 17 0.10505
12 28 0.08109
12 32 0.00015
13 17 0.00051
13 20 0.00027
13 24 0.00019
13 25 0.00103
13 26 0.00056
13 27 0.06054
14 22 0.00404
15 19 0.00026
15 21 0.00487
15 22 0.00052
15 23 0.01109
15 29 0.00135
15 30 0.00012
15 31 0.00021
16 28 0.00148
16 32 0.00016
17 21 0.00189
17 22 0.00277
17 23 0.01055
17 29 0.00106
17 31 0.00016
18 28 0.00115
19 28 0.00047
19 32 0.00016
21 28 0.01995
21 32 0.00221
22 26 0.00028
22 27 0.01862
22 28 0.00082
22 32 0.00039
23 28 0.00812
23 32 0.00233

4 35 0.00019
4 47 0.00019
4 82 0.00027
4 119 0.00039
4 131 0.00045
4 138 0.00048
4 144 0.00051
8 35 0.00014
8 47 0.00019
8 82 0.00026
8 119 0.00038
8 131 0.00043
8 138 0.00046
8 144 0.00050
14 35 0.00024
14 47 0.00018
14 82 0.00025
14 119 0.00037
14 131 0.00040
14 138 0.00045
14 144 0.00048
17 33 0.00181
17 48 0.00095
17 64 0.00109
17 68 0.00114
17 77 0.00125
17 85 0.00138
17 94 0.00147
17 106 0.00165
17 113 0.00176
17 118 0.00160
17 133 0.00215
17 140 0.00193
20 35 0.00024
20 47 0.00014
20 82 0.00024
20 119 0.00029
20 131 0.00035
20 138 0.00038
20 144 0.00037
23 35 0.00082
23 47 0.00013
23 82 0.00023
23 119 0.00032
23 131 0.00037
23 138 0.00039
23 144 0.00042
27 35 0.00269
27 47 0.00022
27 82 0.00022
27 119 0.00031
27 131 0.00035
27 138 0.00038
27 144 0.00040
30 35 0.00286
30 47 0.00027
30 82 0.00022
30 119 0.00030
30 131 0.00034
30 138 0.00037
30 144 0.00039
33 47 0.00030
33 82 0.00020
33 119 0.00026
33 131 0.00029
33 138 0.00031
33 144 0.00033
35 41 0.00167
35 44 0.00139
35 48 0.00028
35 64 0.00014
35 68 0.00018
35 77 0.00019
35 85 0.00020
35 94 0.00021
35 97 0.00024
35 106 0.00023
35 113 0.00024
35 118 0.00025
35 133 0.00031
35 140 0.00032
35 141 0.00037
37 47 0.00104
37 82 0.00021
37 119 0.00028
37 131 0.00035
37 138 0.00038
37 144 0.00036
41 47 0.00148
41 82 0.00020
41 119 0.00027
41 131 0.00031
41 138 0.00033
41 144 0.00035
44 82 0.00020
44 119 0.00027
44 131 0.00030
44 138 0.00032
44 144 0.00035
47 64 0.00026
47 68 0.00020
47 77 0.00016
47 85 0.00019
47 94 0.00019
47 97 0.00022
47 106 0.00021
47 113 0.00022
47 118 0.00022
47 133 0.00027
47 140 0.00027
47 141 0.00027
48 82 0.00017
48 119 0.00022
48 131 0.00024
48 138 0.00026
48 144 0.00026
64 82 0.00031
64 119 0.00020
64 131 0.00022
64 138 0.00023
64 144 0.00025
68 82 0.00025
68 119 0.00020
68 131 0.00022
68 138 0.00023
68 144 0.00024
77 82 0.00253
77 119 0.00019
77 131 0.00020
77 138 0.00021
77 144 0.00022
82 94 0.00071
82 97 0.00026
82 106 0.00013
82 113 0.00018
82 118 0.00018
82 133 0.00020
82 140 0.00020
82 141 0.00024
85 119 0.00018
85 131 0.00020
85 138 0.00021
85 144 0.00021
94 119 0.00013
94 131 0.00018
94 138 0.00019
94 144 0.00020
97 119 0.00018
97 131 0.00020
97 138 0.00021
97 144 0.00021
106 119 0.00026
106 131 0.00013
106 138 0.00018
106 144 0.00019
113 119 0.00148
113 131 0.00031
113 138 0.00013
113 144 0.00018
118 131 0.00026
118 138 0.00022
118 144 0.00013
119 133 0.00026
119 140 0.00020
119 141 0.00018
131 140 0.00133
131 141 0.00122
133 138 0.00277
133 144 0.00074
140 144 0.00034

1 8 0.00016
1 11 0.00015
1 12 0.00012
1 18 0.00017
1 21 0.00046
1 22 0.00012
1 28 0.00614
1 30 0.00087
1 34 0.01485
1 35 0.00027
1 36 0.00014
1 37 0.00030
1 41 0.00015
1 45 0.00014
1 48 0.00131
1 49 0.00008
1 51 0.00023
1 52 0.00020
1 56 0.00158
1 59 0.00015
1 64 0.00004
1 67 0.00018
1 78 0.00007
1 86 0.74002
1 88 0.00526
1 89 0.00113
2 6 0.00013
2 9 0.00022
2 17 0.00020
2 19 0.00010
2 20 0.00066
2 25 0.00033
2 26 0.05135
2 27 0.00793
2 29 0.00064
2 32 0.00014
2 33 0.01610
2 44 0.00014
2 47 0.00129
2 50 0.00026
2 55 0.00167
2 57 0.00015
2 63 0.00010
2 66 0.00021
2 84 0.00055
2 85 0.80126
2 87 0.00326
3 9 0.00027
3 17 0.00014
3 19 0.00062
3 20 0.00021
3 24 0.00032
3 25 0.05946
3 26 0.00779
3 27 0.00027
3 29 0.00013
3 32 0.01555
3 33 0.00639
3 44 0.00014
3 47 0.00020
3 50 0.00014
3 55 0.00131
3 57 0.00011
3 65 0.00020
3 66 0.00014
3 83 0.00051
3 84 0.80772
3 85 0.00155
3 87 0.00013
4 9 0.00037
4 17 0.00052
4 19 0.00021
4 24 0.05999
4 25 0.00693
4 26 0.00026
4 27 0.00012
4 29 0.00029
4 32 0.00725
4 33 0.00021
4 44 0.00017
4 47 0.00029
4 50 0.00048
4 55 0.00196
4 57 0.00033
4 61 0.00009
4 63 0.00008
4 65 0.00014
4 83 0.80043
4 84 0.00153
4 85 0.00019
4 87 0.00033
5 11 0.00020
5 12 0.00041
5 13 0.00218
5 14 0.00032
5 15 0.00047
5 18 0.00015
5 22 0.00035
5 23 0.06294
5 28 0.00021
5 30 0.00532
5 34 0.00153
5 35 0.00168
5 36 0.00021
5 37 0.00142
5 41 0.00032
5 42 0.00067
5 43 0.00019
5 48 0.00024
5 49 0.00088
5 52 0.00058
5 53 0.01161
5 56 0.00099
5 59 0.00031
5 69 0.00017
5 73 0.00012
5 74 0.00111
5 75 0.00235
5 77 0.00008
5 78 0.00051
5 79 0.00052
5 80 0.00026
5 81 0.00119
5 82 0.75844
5 86 0.00032
5 88 0.00006
5 89 0.00052
6 11 0.00050
6 12 0.00256
6 13 0.00055
6 14 0.00049
6 15 0.00149
6 18 0.00018
6 21 0.00029
6 22 0.06538
6 23 0.00047
6 28 0.00090
6 30 0.00240
6 34 0.00359
6 35 0.00037
6 36 0.00185
6 37 0.00331
6 41 0.00106
6 42 0.00025
6 45 0.00016
6 48 0.00141
6 49 0.00016
6 51 0.00045
6 52 0.01996
6 53 0.00021
6 56 0.00113
6 59 0.00113
6 68 0.00021
6 69 0.00023
6 72 0.00033
6 73 0.00242
6 74 0.00344
6 75 0.00009
6 77 0.00063
6 78 0.00181
6 79 0.00094
6 80 0.00813
6 81 0.63253
6 82 0.00537
6 88 0.00048
6 89 0.00011
7 11 0.00174
7 14 0.00150
7 18 0.00041
7 21 0.06375
7 23 0.00044
7 28 0.00164
7 35 0.00208
7 36 0.00340
7 43 0.00011
7 45 0.00050
7 49 0.00022
7 51 0.02016
7 53 0.00058
7 64 0.00025
7 67 0.00023
7 68 0.00023
7 72 0.00278
7 73 0.00330
7 79 0.00883
7 80 0.50901
7 81 0.00835
8 16 0.00381
8 17 0.00064
8 19 0.00127
8 20 0.04962
8 24 0.00038
8 25 0.00016
8 26 0.00005
8 27 0.00028
8 29 0.00681
8 31 0.07832
8 32 0.00416
8 33 0.00087
8 38 0.00700
8 39 0.00040
8 40 0.00027
8 44 0.00038
8 46 0.00262
8 47 0.00375
8 50 0.01650
8 54 0.00139
8 55 0.00112
8 57 0.00207
8 58 0.00068
8 60 0.00659
8 61 0.00127
8 62 0.00346
8 63 0.00055
8 65 0.00015
8 66 0.00021
8 70 0.02099
8 71 0.00298
8 76 0.00250
8 83 0.00021
8 87 0.00013
8 90 0.00017
9 13 0.00021
9 14 0.00032
9 15 0.00489
9 18 0.00237
9 21 0.00023
9 22 0.01138
9 23 0.00044
9 28 0.01891
9 30 0.10865
9 34 0.00127
9 35 0.00019
9 36 0.00037
9 37 0.00975
9 41 0.00030
9 42 0.00017
9 43 0.00019
9 45 0.00125
9 48 0.00285
9 49 0.00697
9 51 0.00025
9 52 0.01368
9 53 0.00085
9 56 0.00340
9 59 0.00872
9 64 0.00034
9 67 0.00013
9 68 0.00098
9 69 0.02555
9 72 0.00008
9 73 0.00025
9 74 0.00106
9 75 0.00240
9 77 0.00488
9 78 0.16494
9 79 0.01138
9 80 0.00472
9 81 0.00070
9 82 0.00045
9 86 0.00015
9 88 0.00005
9 89 0.00019
10 14 0.00348
10 18 0.01651
10 21 0.01230
10 23 0.00020
10 28 0.03829
10 35 0.00058
10 36 0.00928
10 43 0.00017
10 45 0.00130
10 49 0.00083
10 51 0.01417
10 53 0.00051
10 64 0.00098
10 67 0.00206
10 68 0.02491
10 72 0.00056
10 73 0.00114
10 79 0.00687
10 80 0.00107
10 81 0.00063
11 16 0.00192
11 17 0.01025
11 19 0.00127
11 20 0.00973
11 25 0.00016
11 26 0.00154
11 27 0.02128
11 29 0.00730
11 31 0.00134
11 32 0.00072
11 33 0.00048
11 38 0.00016
11 39 0.00018
11 40 0.00019
11 44 0.00049
11 46 0.00333
11 47 0.00639
11 50 0.01036
11 54 0.00094
11 55 0.00057
11 57 0.00134
11 58 0.00596
11 60 0.00100
11 61 0.00111
11 62 0.01660
11 63 0.00106
11 65 0.00066
11 66 0.00270
11 70 0.00015
11 71 0.00055
11 76 0.00480
11 85 0.00018
12 17 0.01314
12 19 0.00814
12 20 0.00883
12 24 0.00020
12 25 0.00290
12 26 0.02585
12 27 0.62607
12 29 0.00036
12 32 0.00016
12 33 0.00055
12 44 0.00021
12 47 0.00553
12 50 0.00081
12 55 0.00084
12 57 0.00571
12 61 0.01273
12 63 0.00066
12 65 0.00273
12 66 0.02169
12 83 0.00002
12 84 0.00024
12 85 0.00025
13 17 0.00094
13 19 0.00825
13 20 0.00121
13 24 0.00253
13 25 0.02406
13 26 0.70157
13 27 0.00230
13 29 0.00008
13 32 0.00054
13 33 0.00010
13 44 0.00023
13 47 0.00580
13 50 0.00018
13 55 0.00198
13 57 0.00064
13 61 0.00302
13 63 0.01951
13 65 0.01737
13 66 0.00032
13 83 0.00022
13 84 0.00026
13 85 0.00016
14 19 0.00103
14 20 0.00016
14 24 0.00666
14 25 0.70661
14 26 0.00194
14 27 0.00012
14 31 0.00036
14 32 0.00004
14 38 0.00015
14 39 0.00024
14 40 0.00049
14 46 0.00452
14 47 0.00030
14 54 0.00155
14 55 0.00027
14 57 0.00016
14 58 0.00580
14 60 0.00226
14 61 0.00022
14 62 0.02987
14 63 0.00022
14 65 0.00023
14 66 0.00016
14 71 0.00009
14 76 0.00003
14 83 0.00019
14 84 0.00017
15 19 0.00018
15 20 0.00067
15 24 0.73549
15 25 0.00102
15 26 0.00012
15 29 0.00013
15 32 0.00008
15 44 0.00879
15 47 0.00103
15 50 0.00510
15 55 0.00041
15 57 0.00611
15 61 0.03035
15 63 0.00990
15 65 0.00027
15 66 0.00013
15 83 0.00016
16 21 0.00026
16 23 0.73869
16 28 0.00011
16 35 0.00014
16 36 0.00010
16 43 0.00879
16 45 0.00040
16 49 0.00559
16 53 0.00064
16 64 0.00024
16 68 0.00006
16 72 0.00019
16 73 0.00015
16 79 0.00287
16 80 0.00016
16 81 0.00015
17 21 0.00015
17 22 0.73611
17 23 0.00050
17 28 0.00012
17 30 0.00020
17 34 0.00016
17 36 0.00017
17 37 0.01106
17 41 0.00145
17 42 0.00710
17 43 0.00068
17 45 0.00105
17 48 0.00594
17 51 0.00028
17 52 0.00081
17 53 0.00006
17 56 0.01205
17 59 0.02617
17 64 0.00027
17 67 0.00011
17 69 0.00027
17 72 0.00018
17 74 0.00006
17 75 0.00002
17 77 0.00809
17 78 0.00260
17 79 0.00018
17 80 0.00016
17 81 0.00003
17 82 0.00018
17 86 0.00007
17 88 0.00041
17 89 0.00018
18 26 0.00006
18 27 0.00013
18 29 0.00019
18 33 0.00013
18 38 0.00038
18 39 0.00019
18 40 0.00147
18 44 0.00110
18 46 0.00010
18 47 0.00540
18 50 0.00049
18 54 0.00225
18 55 0.01039
18 57 0.00113
18 58 0.02107
18 60 0.00347
18 61 0.00102
18 62 0.00021
18 63 0.00026
18 66 0.00010
18 70 0.00049
18 71 0.00018
18 76 0.00875
18 85 0.00002
18 87 0.00037
18 90 0.00056
19 28 0.00014
19 30 0.00009
19 34 0.00002
19 35 0.01798
19 36 0.00012
19 37 0.00045
19 41 0.00095
19 42 0.01795
19 43 0.00064
19 45 0.00009
19 49 0.00081
19 52 0.00053
19 53 0.01015
19 56 0.00231
19 59 0.00448
19 64 0.00007
19 68 0.00010
19 69 0.00075
19 75 0.00893
19 77 0.00017
19 78 0.00119
19 79 0.00049
19 80 0.00012
19 86 0.00021
19 88 0.00013
19 89 0.00091
20 28 0.00013
20 30 0.00012
20 34 0.02215
20 36 0.00012
20 37 0.00004
20 41 0.02348
20 42 0.00064
20 45 0.00016
20 48 0.00098
20 51 0.00047
20 52 0.01160
20 53 0.00044
20 56 0.01642
20 59 0.00655
20 64 0.00008
20 67 0.00016
20 68 0.00049
20 69 0.00009
20 74 0.00838
20 77 0.00118
20 78 0.00059
20 79 0.00012
20 86 0.00136
20 88 0.00089
21 26 0.00006
21 27 0.00014
21 29 0.00010
21 33 0.02231
21 39 0.00020
21 40 0.02135
21 44 0.00010
21 47 0.00072
21 50 0.00027
21 54 0.00025
21 55 0.00992
21 57 0.00088
21 58 0.00736
21 62 0.00658
21 63 0.00002
21 66 0.00019
21 71 0.00020
21 76 0.00055
21 84 0.00008
21 85 0.00152
21 87 0.00061
22 26 0.00010
22 27 0.00018
22 32 0.02281
22 33 0.00015
22 44 0.00030
22 47 0.00046
22 50 0.00815
22 55 0.01824
22 57 0.00643
22 61 0.00774
22 63 0.00040
22 65 0.00018
22 66 0.00112
22 83 0.00013
22 84 0.00173
22 85 0.00017
23 31 0.02237
23 32 0.00015
23 38 0.02365
23 39 0.00020
23 40 0.00002
23 44 0.00020
23 46 0.00040
23 47 0.00012
23 50 0.00145
23 54 0.01987
23 55 0.00095
23 57 0.00016
23 60 0.00758
23 62 0.00032
23 65 0.00091
23 70 0.00200
23 71 0.00104
23 76 0.00229
23 83 0.00162
23 84 0.00015
23 90 0.00019
24 30 0.01986
24 35 0.00010
24 36 0.00017
24 37 0.02793
24 42 0.00031
24 43 0.00040
24 45 0.00021
24 48 0.00140
24 49 0.00302
24 51 0.00067
24 52 0.00520
24 53 0.02233
24 56 0.00048
24 59 0.00708
24 64 0.00034
24 68 0.00002
24 69 0.00285
24 72 0.00006
24 74 0.00008
24 75 0.00333
24 77 0.00014
24 78 0.00051
24 79 0.00103
24 80 0.00314
24 81 0.00025
24 82 0.00146
24 89 0.00026
25 30 0.00037
25 34 0.00013
25 35 0.00037
25 36 0.02788
25 37 0.00017
25 41 0.00033
25 42 0.00054
25 43 0.00146
25 48 0.00377
25 49 0.01064
25 51 0.00373
25 52 0.02198
25 53 0.00169
25 56 0.00053
25 59 0.00020
25 67 0.00010
25 68 0.00228
25 69 0.00146
25 72 0.00002
25 73 0.00013
25 74 0.00342
25 75 0.00037
25 77 0.00048
25 78 0.00160
25 79 0.01001
25 80 0.00053
25 81 0.00104
25 82 0.00016
25 88 0.00024
25 89 0.00014
26 34 0.00051
26 35 0.02853
26 36 0.00017
26 37 0.00010
26 41 0.00056
26 42 0.00202
26 48 0.01457
26 49 0.03353
26 51 0.00711
26 52 0.00207
26 53 0.00194
26 56 0.00040
26 59 0.00022
26 67 0.00144
26 68 0.00167
26 69 0.00029
26 72 0.00013
26 73 0.00304
26 74 0.00043
26 75 0.00074
26 77 0.00116
26 78 0.01473
26 79 0.00118
26 80 0.00069
26 81 0.00017
26 82 0.00010
26 88 0.00014
26 89 0.00175
27 34 0.02938
27 35 0.00017
27 36 0.00010
27 37 0.00021
27 41 0.00235
27 42 0.00004
27 45 0.00021
27 48 0.06262
27 49 0.00069
27 51 0.00159
27 52 0.00306
27 53 0.00033
27 56 0.00446
27 59 0.00086
27 64 0.00023
27 67 0.00148
27 68 0.00022
27 69 0.00023
27 72 0.00269
27 73 0.00027
27 74 0.00106
27 75 0.00027
27 77 0.01761
27 78 0.00257
27 79 0.00070
27 80 0.00024
27 81 0.00016
27 82 0.00016
27 86 0.00025
27 88 0.00276
27 89 0.00019
28 32 0.00014
28 33 0.02533
28 38 0.00125
28 39 0.00017
28 40 0.00224
28 44 0.00016
28 46 0.23279
28 47 0.07130
28 50 0.00118
28 54 0.00061
28 55 0.00446
28 57 0.00236
28 58 0.00075
28 60 0.00094
28 61 0.00036
28 62 0.00188
28 63 0.00040
28 65 0.00040
28 66 0.00094
28 70 0.00083
28 71 0.00234
28 76 0.01787
28 83 0.00003
28 85 0.00020
28 87 0.00268
28 90 0.00022
29 34 0.00050
29 35 0.00014
29 36 0.00009
29 37 0.00195
29 41 0.00023
29 43 0.00013
29 45 0.52525
29 48 0.00202
29 49 0.00026
29 51 0.01084
29 52 0.00278
29 53 0.00070
29 56 0.00577
29 59 0.00115
29 64 0.00069
29 67 0.00031
29 69 0.00122
29 72 0.00030
29 73 0.00016
29 74 0.00068
29 75 0.01573
29 77 0.00255
29 78 0.00334
29 79 0.00056
29 80 0.00038
29 81 0.00045
29 82 0.00024
29 86 0.00251
29 88 0.00081
29 89 0.00027
30 44 0.61758
30 47 0.00190
30 50 0.01567
30 55 0.00575
30 57 0.00019
30 61 0.00049
30 63 0.00079
30 65 0.00032
30 66 0.00037
30 83 0.00010
30 84 0.00010
30 85 0.00221
30 87 0.00084
31 35 0.00003
31 36 0.00015
31 43 0.62656
31 45 0.00013
31 49 0.00971
31 51 0.00069
31 53 0.00247
31 64 0.00020
31 67 0.00011
31 68 0.00017
31 72 0.00089
31 73 0.00180
31 79 0.01871
31 80 0.00195
31 81 0.00024
32 37 0.00121
32 41 0.00225
32 42 0.63755
32 43 0.00118
32 45 0.00010
32 48 0.00765
32 49 0.03800
32 51 0.00010
32 52 0.00314
32 53 0.00065
32 56 0.00018
32 59 0.00043
32 64 0.00003
32 67 0.00016
32 68 0.00404
32 69 0.00192
32 72 0.00208
32 73 0.00140
32 74 0.00597
32 75 0.02831
32 77 0.00223
32 78 0.03013
32 79 0.00750
32 80 0.00057
32 81 0.00022
32 82 0.00039
32 86 0.00030
32 88 0.00025
32 89 0.00697
33 37 0.00018
33 41 0.63071
33 42 0.00153
33 43 0.00012
33 45 0.00108
33 48 0.05429
33 51 0.00260
33 52 0.00060
33 56 0.00177
33 59 0.00008
33 64 0.00085
33 67 0.00659
33 68 0.00120
33 69 0.00076
33 72 0.00150
33 73 0.00482
33 74 0.02950
33 75 0.00081
33 77 0.02308
33 78 0.00891
33 79 0.00063
33 80 0.00025
33 81 0.00027
33 82 0.00014
33 86 0.00222
33 88 0.00740
34 44 0.00135
34 47 0.06538
34 50 0.00252
34 55 0.00192
34 57 0.00011
34 61 0.00035
34 63 0.00153
34 65 0.00026
34 66 0.00790
34 83 0.00004
34 84 0.00025
34 85 0.00248
34 87 0.00699
35 39 0.00688
35 40 0.01503
35 44 0.00016
35 46 0.06073
35 47 0.00031
35 54 0.00159
35 60 0.00026
35 62 0.00131
35 63 0.00021
35 65 0.00653
35 66 0.00026
35 70 0.00092
35 71 0.00634
35 76 0.00084
35 83 0.00022
35 84 0.00227
35 85 0.00102
35 90 0.00008
36 40 0.00069
36 44 0.00039
36 46 0.00036
36 47 0.00020
36 58 0.00022
36 61 0.00040
36 62 0.00100
36 63 0.00013
36 65 0.00021
36 66 0.00199
36 70 0.00534
36 71 0.00442
36 76 0.00018
36 83 0.00156
36 84 0.00153
36 85 0.00172
36 90 0.00004
37 44 0.05938
37 47 0.00105
37 50 0.00045
37 55 0.00011
37 57 0.00024
37 61 0.00076
37 63 0.00353
37 65 0.00342
37 66 0.00182
37 83 0.00175
37 84 0.00173
37 85 0.00025
37 87 0.00019
38 43 0.04936
38 45 0.00019
38 49 0.00040
38 53 0.00007
38 64 0.00197
38 67 0.00038
38 68 0.00147
38 72 0.00051
38 73 0.00049
38 79 0.00052
38 80 0.00135
38 81 0.00379
39 43 0.00020
39 45 0.00023
39 49 0.00016
39 64 0.00113
39 67 0.00136
39 68 0.03740
39 72 0.00048
39 73 0.00023
39 79 0.00151
39 80 0.00486
39 81 0.00153
40 45 0.00024
40 49 0.00018
40 51 0.00031
40 64 0.01269
40 67 0.04532
40 68 0.00044
40 72 0.00023
40 79 0.00436
40 80 0.00161
40 81 0.00031
41 47 0.00081
41 50 0.00037
41 55 0.00015
41 57 0.00017
41 61 0.00144
41 63 0.01596
41 65 0.00111
41 66 0.04732
41 83 0.00033
41 84 0.00182
41 85 0.00934
41 87 0.00013
42 47 0.00087
42 50 0.00023
42 55 0.00044
42 57 0.00020
42 61 0.10684
42 63 0.00143
42 65 0.04160
42 66 0.00461
42 83 0.00174
42 84 0.01008
42 85 0.00019
43 47 0.00011
43 54 0.00039
43 55 0.00015
43 57 0.00027
43 58 0.00008
43 60 0.12049
43 61 0.00062
43 62 0.00134
43 63 0.00131
43 65 0.00470
43 66 0.00017
43 70 0.00034
43 76 0.00018
43 83 0.00946
43 84 0.00017
43 87 0.00009
43 90 0.00045
44 48 0.00009
44 49 0.00012
44 51 0.00014
44 52 0.00048
44 53 0.00024
44 56 0.00077
44 59 0.12890
44 64 0.00809
44 67 0.00024
44 69 0.00051
44 74 0.00010
44 75 0.00020
44 77 0.00025
44 78 0.00094
44 79 0.00021
44 80 0.00021
44 81 0.00047
44 82 0.00869
44 86 0.00022
44 88 0.00048
44 89 0.00072
45 50 0.00020
45 54 0.00243
45 55 0.00057
45 57 0.00092
45 58 0.11293
45 60 0.00013
45 61 0.00023
45 62 0.00370
45 63 0.00901
45 65 0.00051
45 66 0.00038
45 71 0.00011
45 76 0.00021
45 83 0.00002
45 85 0.00020
45 87 0.00044
45 90 0.00015
46 51 0.00015
46 53 0.00414
46 64 0.00099
46 67 0.00014
46 68 0.00059
46 72 0.00014
46 73 0.00019
46 79 0.03441
46 80 0.00408
46 81 0.00115
47 52 0.00484
47 53 0.00018
47 56 0.15240
47 59 0.00113
47 64 0.00406
47 67 0.00137
47 68 0.00006
47 69 0.00036
47 72 0.00029
47 73 0.00009
47 74 0.00029
47 75 0.00036
47 77 0.00231
47 78 0.05132
47 79 0.00468
47 80 0.00180
47 81 0.00065
47 82 0.00104
47 86 0.00387
47 88 0.00478
47 89 0.00114
48 55 0.15288
48 57 0.00056
48 61 0.48377
48 63 0.00403
48 65 0.00015
48 66 0.00155
48 83 0.00012
48 84 0.00031
48 85 0.00364
48 87 0.00455
49 54 0.12014
49 55 0.00044
49 57 0.00103
49 58 0.00015
49 60 0.53233
49 61 0.00098
49 62 0.00232
49 63 0.00010
49 65 0.00128
49 70 0.00068
49 71 0.00005
49 76 0.00020
49 83 0.00026
49 84 0.00246
49 87 0.00260
49 90 0.00240
50 56 0.00208
50 59 0.57224
50 64 0.00085
50 67 0.00016
50 68 0.00012
50 69 0.00103
50 72 0.00006
50 74 0.00014
50 75 0.00022
50 77 0.00016
50 78 0.00024
50 82 0.00026
50 86 0.01054
50 88 0.00198
50 89 0.00377
51 55 0.00094
51 57 0.00027
51 58 0.56923
51 60 0.00015
51 61 0.00015
51 62 0.00352
51 63 0.00047
51 66 0.00020
51 71 0.00010
51 76 0.00014
51 84 0.00019
51 85 0.01045
51 87 0.00160
51 90 0.00016
52 57 0.54943
52 61 0.00427
52 63 0.00063
52 65 0.00022
52 66 0.00107
52 83 0.00025
52 84 0.01026
52 85 0.00234
52 87 0.00229
53 57 0.00024
53 58 0.00053
53 60 0.00302
53 61 0.00031
53 62 0.00066
53 65 0.00098
53 66 0.00013
53 83 0.00505
53 84 0.00227
53 85 0.00040
53 87 0.00028
53 90 0.00076
54 64 0.00021
54 68 0.00019
54 79 0.00145
54 80 0.00018
54 81 0.00023
55 59 0.00041
55 64 0.00173
55 67 0.00029
55 69 0.00015
55 74 0.00008
55 75 0.00010
55 77 0.00019
55 78 0.00184
55 79 0.00021
55 80 0.00031
55 81 0.00044
55 82 0.00266
55 86 0.00555
55 88 0.01665
55 89 0.00023
56 61 0.00234
56 63 0.00210
56 65 0.00014
56 66 0.00033
56 83 0.03320
56 84 0.00050
56 85 0.00446
56 87 0.01762
57 64 0.00014
57 67 0.00004
57 68 0.00023
57 69 0.00020
57 73 0.00003
57 74 0.00017
57 75 0.00016
57 77 0.00017
57 78 0.00076
57 79 0.00024
57 80 0.00119
57 81 0.00141
57 82 0.04391
57 86 0.01699
57 88 0.00009
57 89 0.00008
58 64 0.00019
58 67 0.00032
58 68 0.00018
58 72 0.00007
58 73 0.00016
58 79 0.00119
58 80 0.00171
58 81 0.04160
59 63 0.00021
59 65 0.00020
59 66 0.00032
59 83 0.00410
59 84 0.00744
59 85 0.00057
59 87 0.00011
60 64 0.00010
60 72 0.00011
60 79 0.06211
60 80 0.01211
60 81 0.00605
61 67 0.00006
61 68 0.00010
61 69 0.00045
61 73 0.00016
61 74 0.00297
61 75 0.00016
61 77 0.00094
61 78 0.07585
61 79 0.02464
61 80 0.01354
61 81 0.00169
61 82 0.01309
61 86 0.00013
61 88 0.00009
61 89 0.00008
62 67 0.00017
62 68 0.00036
62 72 0.00029
62 73 0.00355
62 79 0.03120
62 80 0.00278
62 81 0.01269
63 67 0.00015
63 68 0.00015
63 69 0.00125
63 72 0.00379
63 73 0.00013
63 74 0.00129
63 75 0.00124
63 77 0.70066
63 78 0.02461
63 79 0.00111
63 80 0.00650
63 81 0.00014
63 82 0.00038
63 86 0.00023
63 88 0.00047
63 89 0.00015
64 70 0.00024
64 71 0.00359
64 76 0.75831
64 85 0.00018
64 87 0.00042
64 90 0.00189
65 69 0.00026
65 72 0.00040
65 73 0.00059
65 74 0.00117
65 75 0.78598
65 77 0.00115
65 78 0.01808
65 79 0.00079
65 86 0.00030
65 88 0.00008
65 89 0.00283
66 72 0.00059
66 73 0.00096
66 74 0.78523
66 75 0.00119
66 77 0.02017
66 78 0.00110
66 82 0.00008
66 86 0.00063
66 88 0.00293
67 71 0.00133
67 76 0.01738
67 85 0.00067
67 87 0.00228
68 76 0.00047
68 84 0.00066
68 85 0.00017
69 83 0.00062
69 84 0.00015
69 85 0.00042
69 87 0.00014
70 79 0.00019
70 80 0.00087
70 81 0.00036
71 79 0.00156
71 80 0.00055
71 81 0.00024
72 76 0.00013
72 83 0.00006
72 84 0.00011
72 85 0.00019
72 87 0.00014
72 90 0.00006
73 83 0.00008
73 84 0.00024
73 85 0.00148
74 83 0.00028
74 84 0.00273
74 85 0.00063
74 87 0.00032
75 83 0.00278
75 84 0.00050
75 85 0.00025
75 87 0.00069
76 81 0.00024
77 83 0.00029
77 84 0.00441
77 85 0.00251
77 87 0.00015
78 83 0.00546
78 84 0.00299
78 85 0.00201
78 87 0.00041
79 83 0.00142
79 84 0.00186
79 85 0.00016
79 87 0.00017
79 90 0.00011
80 84 0.00007
80 85 0.00022
80 87 0.00013
80 90 0.00016
81 87 0.00011
81 90 0.00017
82 87 0.00029
83 88 0.00139
83 89 0.00241
84 88 0.00236
84 89 0.00055
85 89 0.00018
